85
125
165

145

175

75

220
100
80
110
65
30
30
50
110

125

140

325
285

100

120

CHICKEN ACHARI TIKKA

aPÀÌ£ï DZÁj nPÁÌ

240
280
220
220
110
200
130
230
155
285
440
240
999
449

240

360

200

220

250
260
130
260

250

220

300

300

240
125
175
160
280
300
225

250

300

185

180
200
150

200

220

250

140
150
95
55

160
150

180

150

180
220
180
180

200

175

140

110
240
120
140

180

150
150
240
240
140
140

180

200
220
220
220

200

185

200
200
175
175
175

120
140

130

200

180
170
85
50
80
60
80

120

100

100
120

150

175
130
130
110

100

85

